# Created by Octave 3.8.0, Mon Dec 28 23:27:24 2015 EST <el@defiant>
# name: Theta1
# type: matrix
# rows: 40
# columns: 3
 0.4294456476375774 -0.4481590224385575 -0.2394501955085284
 -0.4644951580770853 0.9437846134074646 0.4465954693982081
 0.2978431545779374 -0.8855092928175624 -0.08078510107511348
 -0.5402016788021893 -0.768297327328715 -0.1024446177987749
 0.1865907240178454 0.01486161572982236 -0.8776355365607481
 -9.588167821086801 -8.719539972728391 10.02967656754115
 -4.406409794084751 -10.70985138052155 6.823930371969035
 0.04110851113027288 0.646600937057378 0.3147886540468874
 6.719397661524416 0.750583408484667 -1.343772597418939
 -0.3316262548260918 0.08519676565379125 0.7439173727553531
 -0.4840530433650759 0.4086305017481794 0.4028780927361937
 -5.761641348963067 4.537486516894422 -4.818786627232268
 0.7979471250219327 -0.8822864504038631 -0.7143858654231963
 3.966215810621698 10.36618697837578 -6.600027282749258
 -0.5050062294494138 -0.395463403436996 -0.9219829243025629
 -0.01841510289226882 -0.07889062263515575 1.018655927718192
 -4.848024230703452 -0.788105126881687 1.329731654091249
 -6.517724283719171 -0.7523607737129647 1.337336402245065
 0.8718983519901606 0.3157325017428132 0.4431929040607867
 0.3607346798876005 -0.6343705142963124 -0.1712708618691325
 0.4670603189832996 0.43932281496021 0.2594757076469136
 0.3000251806470082 -0.9188782921586286 -0.09602141153794506
 0.7972436733617169 -0.8914992837108439 -0.565764012629057
 -0.05164659043399014 -0.7508141381521164 -0.2878684883335323
 0.3066936883484772 -0.3754794059375258 -0.6218954317816985
 -0.3501768697866063 -0.3627237757973285 -0.56173498816534
 -0.642349508499574 0.2767915957087809 0.673791485671659
 6.337552385208181 0.751295027360012 -1.333907382219404
 0.945024607144804 0.9992246839219716 0.1784574926148603
 0.7045142709835205 -0.932250289812756 -0.04277544993262337
 -0.5365902275611985 2.568811686060709 -1.072771914996545
 11.28801483207747 -33.71343433984995 29.48095043281992
 -0.8655292690484472 0.160143320203481 0.7353248699153307
 -1.041439389237802 -1.388037072494496 1.990970262739705
 4.388278912314608 10.63720804019012 -6.778257208270211
 -0.1298156421167207 0.9520101224038975 0.8439818071930042
 -0.4038982153668432 1.247936193222821 -0.2393697885483623
 -0.5798770648041239 0.6126902102786442 0.846849748232957
 0.09287996459327845 0.04328714975020394 0.8400451133846577
 0.1614711989088165 0.3629940711811317 0.4102822896351098


