# Created by Octave 3.8.1, Tue Dec 29 00:08:19 2015 EST <el@apollo>
# name: Theta2
# type: matrix
# rows: 2
# columns: 41
 0.1854255759162407 24.83013640775757 -0.6435596686629426 -0.7404514423448009 0.003212907920587356 1.145369826766895 8.948274436908893 -8.165835854177866 0.02273525247246595 0.5221576978287508 27.57900374006283 0.8713934124157064 -0.6108946162067962 7.968685671735529 0.6470784526831087 0.4250334196600388 1.344660332932438 0.2037744187660313 5.885889477268747 0.1131277508813806 1.15829824649858 -5.809336361472774 0.3180907110858591 -0.183162854735761 11.99609596559085 -7.783757273554699 0.1716152657969044 7.169668573094641 -4.645211597985793 0.4857987311851332 6.257391998243331 1.073159188520802 1.20473460028757 -9.053430652943844 8.716241387671168 -0.3134177047788155 0.6029440504603321 10.02482825325429 -0.6004525009145029 0.5070164287152028 8.358482542308368
 -0.423370046991572 -25.26189396530638 0.99468429986147 0.2392546574708741 -1.470119943222984 0.3357286969118228 -8.230556845368955 6.840783427010532 -0.2574198933166352 -0.6133685237764258 -27.09367647227408 0.6769248591912398 0.6025048671473833 -8.20823430419664 -0.8314846946275484 -0.8116578182073821 -1.702662605090881 -0.7616725529608098 -6.079829081151083 0.3830989134262006 0.5893289586105607 4.243807741617624 0.8183103575774936 0.1077926533765327 -12.38434349187731 7.798974745625324 -0.6255493548475807 -7.230894026141934 3.91930561546818 -0.4290912537650217 -7.226386347053726 -1.079336017511625 -0.5571926572485628 10.27455615034361 -9.439325994597191 0.4769041155767548 0.6636168224651802 -9.983878620434913 0.496008488012833 -0.6612997852172695 -8.074947213887208


