# Created by Octave 3.8.2, Sun Dec 23 01:07:56 2018 EST <el@defiant>
# name: Theta2
# type: matrix
# rows: 2
# columns: 41
 1.222385432656028 0.5402840509941996 1.042738789801037 1.419572642311533 0.03293662645185959 -7.651165292633174 -0.07526566470442893 0.726037292014367 1.697567337438298 0.3272132466147458 -6.052607299241128 -0.05202581691664167 2.617631645003355 4.347016383974958 3.3614721718971 -0.8546773773566324 0.9537786227877662 0.5153335591942958 5.602672894105664 -0.8157220581611879 1.420019132030759 -1.227795214609849 -2.839296735120162 0.4704138831723649 7.350713680875486 -0.3166760285377197 -4.204649867076239 2.015477113082387 -0.5371296905782488 -0.7522179034285144 1.852116457767853 -1.532760943259481 7.415318068366269 -5.519448175214248 3.152691817018809 7.409916239959967 26.47669388388405 -0.2046964197630506 2.713853378531836 0.3919754204699858 3.20773231328355
 -1.054190388628251 0.2023195203881296 -1.107346780321225 -0.2601295879532303 -0.4499114011840144 7.424135652323293 -1.185721960666876 -2.081095935573361 -1.918345026877412 0.5947382357096831 6.227678428067015 -0.4236397350862787 -2.331587216170925 -3.669343596229842 -2.50435109498079 0.5219836258134878 -1.39562501556719 -0.5735860548107407 -5.65339808545238 -0.5324703523862609 -0.08052540344413871 1.303145282016501 3.380150232923124 -0.1568602271795201 -7.176835958783967 0.2079249526087493 3.73139228411157 -1.86311047953357 -0.04282337439776784 -0.4690435499607425 -2.651344459124271 2.054645792049957 -6.474200261582504 5.853812636454863 -3.741015592996984 -7.567851820092252 -26.53304459924496 -0.7311336247379614 -3.816642699813197 0.7079092097330337 -1.810369353514509


