# Created by Octave 3.8.0, Mon Dec 28 23:27:24 2015 EST <el@defiant>
# name: Theta2
# type: matrix
# rows: 2
# columns: 41
 0.05692098596854584 -0.1257052379613197 0.1856733231047431 0.7559777708422247 -0.7188135766529007 0.8802627206691388 23.99925277117738 6.387011285248808 0.4194546866659228 6.232631656782297 0.3799195676506569 0.7539037904483991 10.50511823669467 -0.7793395883167261 -4.821958827456085 -0.8054671902318616 0.2260689191561653 -5.261293599640974 -6.168232394991127 0.9231357031789018 -0.5700914559500585 0.9041492916899746 -0.5640753767488318 -0.1994895651299584 -0.01563151108748875 -0.01781734522022755 0.6911742104903122 1.554078800374128 6.259557868900226 0.3558716683585217 -0.4765709560311225 -2.745736584584695 -2.772355472620227 0.1060313993210608 -4.380085340253497 -6.405467184038827 0.3689611017136192 -0.9123491054041007 0.4030181233264178 1.405472749362542 0.03939859968124283
 0.01432372267812215 0.2506944780144 -0.2117229435931132 0.8015579633371871 0.2998181865974051 -0.9779232247509044 -23.99462666589016 -6.64683377553155 -0.5024025665313591 -6.786364286790113 -0.4661408375530489 -0.07776415331863427 -10.5061549005673 -0.6019461902237297 4.987029032514124 -0.9935352146637728 -1.02135770833258 4.902003631161534 6.443282689674018 -0.1081043070720645 -0.1352215073266783 -0.1010743369770438 0.2548865282160711 -0.2171472452057588 -0.7384294621982477 -0.9011325112589843 0.3777170243848427 -0.2925964458834173 -5.816667808647495 0.5020454916291102 -0.6777182010157299 2.154997722233315 2.772353600680906 -1.17398366677181 4.295236210753361 6.03194274702524 -0.8197479652918808 0.363112072190715 -0.2459278444943336 -0.9049999448268199 -1.159697950126337


