# Created by Octave 3.8.1, Tue Dec 29 00:08:19 2015 EST <el@apollo>
# name: Theta1
# type: matrix
# rows: 40
# columns: 3
 -13.44505212229825 -1.21565555136893 1.767928090832902
 -0.0301149169014136 -0.2695888885278034 -0.7142377011157095
 0.6432406299350711 -0.215489961560876 -0.7098805867334819
 -0.7950396708597364 0.02976960130623958 0.8911262149203729
 -0.0057443022885029 0.2530965085289565 0.7943985524177722
 5.100892053564397 3.730451864746538 -5.82817319750437
 4.894684081923725 -5.625166504447384 7.846403792684899
 -0.8653644456569008 0.7896024659789191 0.1775459271110836
 0.6597246374019764 0.012875799026768 0.8620567230174532
 -23.50033001951648 0.3305053723624509 0.2334308354222671
 -0.001021354077618109 0.663560254803542 0.9241065368510397
 -0.3587601559108701 -0.2865143683109529 -1.242630628144221
 3.501437943089773 -5.669685939281435 5.602637354780806
 -0.2589561283910217 0.8243823260586255 0.1120536117492246
 0.3998896322745858 0.5789257979386657 0.1806457937102153
 1.179224159280547 -0.5347536243083464 0.06571129893099667
 0.5146410061069793 -0.7482533861366255 -0.4897774488052405
 4.5879920780857 -3.0240164628665 2.795015099587813
 -0.5779219129173597 0.08828360446026304 -0.886537855939271
 -0.05193250073442742 0.6963052156726882 0.03572504109722562
 -3.622174284913209 3.175628890674948 -3.014806144212539
 -0.977233522518676 -0.7203590916714333 -0.8751966950114668
 -0.08092140673547261 0.4599802207066699 0.8809799362905385
 -6.255840627904961 7.878013533334348 -11.00887510460898
 -3.498924377056136 5.645164331926316 -5.577433118047308
 -0.6154388950654693 0.7072973876983634 0.3930568466843051
 -4.772253604928481 5.414306922116617 -7.551403684605063
 -3.941118784735719 2.224029798931863 -2.009166045842947
 0.09000666690068745 0.6534389222410297 0.9539101075871969
 4.710016295517174 -3.616563319120516 3.399934497786102
 0.7467340011127407 0.4749762566641823 0.3780485597366994
 0.5657593618075391 0.9636007289437617 0.1079269064364186
 5.583172439800725 -6.773110552056552 9.45789884918344
 9.585348072730914 0.06437137119908218 -0.783008767556349
 0.4074538583399572 -0.2371519305875033 -0.7851235607384852
 0.854173417469463 -0.5129003574789289 -0.1962288718695243
 4.021985776266762 -6.503810373696314 6.430528044522028
 0.9459762390271654 -0.8392799935480622 -0.28288113560851
 -0.421533693373466 -0.1839422202038755 -0.6389074108251436
 5.324272120337417 3.463597799091063 -5.457449478515866


