# Created by Octave 3.8.2, Sat Dec 22 22:49:43 2018 EST <el@defiant>
# name: Theta2
# type: matrix
# rows: 2
# columns: 41
 2.160183498695265 -0.3606507538723547 2.02598079159648 -0.1846778179774703 1.252477411550581 -0.803761164353892 -0.7657368844157255 -3.116986279441469 0.4589106574305366 -2.63169172297567 1.640302367957595 0.4149037971432231 10.536737170188 -20.9556387621153 9.081433446936988 2.82924381796843 -4.247526740276895 0.2758008166183015 2.674777165148474 0.1276307967886614 -0.2632426674253719 -0.3080646247685561 2.081060933268384 2.173541910573771 1.076447789909377 11.32569946334129 0.3826823438424952 2.430249897301989 1.62376752720193 4.295634937165929 1.088688029689955 0.6581839062887912 -1.202250123451346 -0.751547307927978 1.751606426341412 -3.761716625185268 1.532642065095472 -3.439653888486883 2.461099083486016 2.99843482773629 -0.8913024146289636
 -2.274054081387003 0.0313107844434229 -2.46305505312329 -0.04377750210256974 -1.780207240136728 1.231572670795458 -0.1858106170545269 3.942953008086551 -0.5453961645347821 3.8439582291569 -2.410389251016908 -0.450673030875244 -10.50159128213739 20.96007047093427 -9.091982463096462 -2.117771012007432 2.873227582400266 -0.1436394138900171 -2.208781196518102 0.6652060168068268 0.1623823223138591 0.6741242244623591 -2.407479217587631 -2.368363224578293 -2.039251448073258 -11.28269159693309 0.8612285837817104 -2.9634812888358 -0.2490885075002076 -3.868548193989071 -0.9728106319776626 -0.3669526920286353 2.165001492679041 0.89571532680418 -1.720877923248021 3.246767705020075 -2.283399545874371 2.773872124262967 -2.676622827477462 -1.069946738440189 1.354258799536812


