# Created by Octave 3.8.2, Sat Dec 22 22:49:43 2018 EST <el@defiant>
# name: Theta1
# type: matrix
# rows: 40
# columns: 3
 -0.774153336186178 -0.742214172589112 -0.8127436928124631
 0.6321354261402005 0.8576258998599996 0.1314226923149767
 -0.5946814592063094 -0.3016776981476474 -0.3757648303462254
 -0.8186266390841276 -0.1316622463111767 1.394932609749949
 -0.7410325670439952 0.1295473623928224 -1.156199657766083
 -0.8171584782851844 -0.7414140945726184 -0.08399736390340017
 -0.2852002065528486 -1.177635454468638 2.425540579843114
 -0.9854071492146022 -0.6958868262071035 -0.9766687220726552
 0.7135009419750998 -1.171400389147042 2.361342231235422
 0.8573431044139642 0.9140124082359895 0.05454431460971456
 0.4583227882088678 -0.5936067241831537 -0.6007537792380566
 -9.66872768557934 -11.44587685596427 7.400588678771483
 56.1654635413158 0.3200249426206635 -1.562618704536338
 -4.509265332577471 15.05723717114127 -13.21368900783869
 0.8924134415704789 0.6037531248954936 0.3156675760750731
 -0.6831423367117746 -1.175257590539743 2.44223855711099
 0.9529484277115947 -0.4710800758204481 -1.178162332960022
 0.5791647713053549 0.7851951268523529 0.2412342424043545
 0.6333685160899064 2.079759711900842 -0.8655587962806064
 -0.2646959589678959 -0.1722574636350122 -0.6287134913106236
 -0.8448031085437931 0.007704615269693727 -0.9451887733866564
 0.249506641702044 0.4164758128200108 0.6688437720760648
 -0.4423663688544502 0.6118402581604208 0.5490418972136526
 -0.4370834105362886 0.3897129931737611 0.5905605229842141
 14.01340583796169 -1.401764256869199 0.2352450885153873
 -0.1844965157319083 -0.7717297076102053 -0.3440485162970485
 -0.8394382537451751 0.1933561392649798 0.8990797208087121
 1.287904564663831 -0.3114882790810622 -0.3256930638315196
 0.5230269585465734 -3.501881447898104 1.959529041261172
 0.817250616426162 -0.2995537961613416 -0.33000366211716
 0.9262475445663458 -0.7469225201616173 -0.5611456916033073
 -4.515013180919679 2.043416931339263 2.058090724825056
 -0.8244109815736553 -0.7930073046015761 -0.1227250936748188
 0.3168690123539732 0.936479297592368 0.6176926225668107
 -8.638151632632605 0.9008262170758896 -0.03404242388925961
 -0.4433344859645783 0.827301455193915 0.1459387222281488
 0.2495252080454428 -1.160164090290796 2.365346228977163
 0.6124555525388645 0.7926202178581808 0.1544271562722941
 0.8016946631816995 0.2611671503798919 0.6141448468563626
 -0.1332737739437834 2.885447137640811 -1.49052672074164


