# Created by Octave 3.8.2, Sun Dec 23 01:07:56 2018 EST <el@defiant>
# name: Theta1
# type: matrix
# rows: 40
# columns: 3
 0.4910190507444933 -0.4952958987622693 -0.2227797837918221
 0.635529105209825 0.8972688433923123 0.5507738404699825
 -0.4182060805616377 0.8667872306765251 0.05859015733353407
 0.6035397159719122 0.1759521340442443 0.090498934330821
 -7.947571732182339 0.4746336079138515 0.02361605611860913
 -0.8579287122270273 0.9339793146335774 0.02109541945961487
 -0.07574457070915447 -0.3933543377237454 0.2009342127156813
 1.01265612791845 -0.2998782916103165 0.1212322593409391
 0.4637732874975652 -0.08253024310377413 -0.753920015218154
 0.4235991100106375 -6.688927270989892 5.895737010985044
 -0.02223926925525268 -0.8580908738299835 -0.1078150051041836
 0.9923591014874862 -1.338344647668934 0.7008776899766096
 2.884375142179607 0.363364957011204 -0.6722073308561424
 -0.8979842519181267 -2.93698468889987 1.867181110892622
 0.8610064354626371 -0.9626046864763471 -0.09484957289601795
 0.05084640930647598 0.6153983751303842 0.2768214802679617
 0.8988827779042221 -0.2692303288888852 -0.9497273774987177
 4.702970428348963 -3.241623329418686 2.994515102160456
 -0.4861430491204879 0.7004245757430246 -0.8503134036691581
 0.3586116307061832 0.3857518995007639 0.3865092971676492
 0.4258134753228938 1.695368670314833 -0.9728580936284619
 1.209882142038993 3.34127934255089 -2.139351838642547
 0.9479282611744159 0.8734487046526648 0.3028068204487862
 3.415725573985807 2.182050335525638 -3.595019043905069
 0.8248177798737304 -1.171576728068306 0.01136143837166037
 -3.467205677248933 -0.37327231469938 0.7069164167961074
 -0.2980390297878325 -1.167318224927636 0.6388707088656188
 -0.610073744570262 -1.030224546908016 0.02073398344634416
 0.1367586953430764 -0.3907440238675107 -0.3135226509445831
 1.360211600232704 -0.2922176039944215 0.1066987689659882
 0.6419999556294738 2.419163188721796 -1.518762102344161
 2.958606461196711 2.12686206102596 -3.489249813982505
 -2.765783434071546 -2.038679573420295 3.343941375361223
 0.2386496169701113 -1.645079873148051 2.067152695271635
 7.706521305013173 -0.2366357827342427 -0.2621882150656653
 -31.00276006300082 0.1475248320010781 0.5846348047095841
 0.4946248359069085 0.463198521423785 0.468693283552884
 0.5745442592333775 1.284927678095451 -2.068646796845091
 0.832936613035494 -0.7056494307275534 -0.1353708497206335
 -0.9627076898306403 -2.551554366684635 1.615005151389275


